-1.000010 1.000000000000000e-05 
1.000000 1.000000 1.000000
0.333333 1.333333 0.333333
0.133333 1.466666 0.133333
0.057142 1.523809 0.057142
0.025396 1.549206 0.025396
0.011544 1.560750 0.011544
0.005328 1.566078 0.005328
0.002486 1.568564 0.002486
0.001170 1.569734 0.001170
0.000554 1.570289 0.000554
0.000263 1.570553 0.000263
0.000126 1.570679 0.000126
0.000060 1.570739 0.000060
0.000029 1.570768 0.000029
0.000014 1.570783 0.000014
0.000006 1.570789 0.000006
aprox 1.570789
-1.000010 1.000000000000001e-05 
1.000000 1.000000 1.000000
0.333334 1.333334 0.333334
0.133334 1.466667 0.133334
0.057143 1.523810 0.057143
0.025397 1.549207 0.025397
0.011545 1.560751 0.011545
0.005329 1.566079 0.005329
0.002487 1.568565 0.002487
0.001171 1.569735 0.001171
0.000555 1.570290 0.000555
0.000264 1.570554 0.000264
0.000127 1.570680 0.000127
0.000061 1.570740 0.000061
0.000030 1.570769 0.000030
0.000015 1.570784 0.000015
0.000007 1.570790 0.000007
aprox 1.570790
